2057
2029
2187
2180
2240
2293
2324
2360
2519
2574
2554
2677
2735
2773
2850
2905
2833
2919
2887
2918
2958
2858
2942
2988
2983
3008
2951
2920
2956
2937
2915
2885
2858
2890
2916
2901
2891
2901
2802
2771
2790
2781
2779
2747
2803
2727
2824
2758
2790
2634
2711
2721
2729
2768
2715
2796
2909
2719
2885
2783
2738
2866
2795
2849
2887
2895
2959
2965
2867
2919
2985
2931
3040
2985
2899
2978
3002
2977
2938
2883
2888
2899
2859
2906
2804
2720
2810
2814
2677
2660
2547
2601
2544
2492
2418
2325
2197
2278
2204
2117
2004
1901
1947
1784
1850
1722
1692
1578
1575
1506
1589
1399
1401
1381
1314
1303
1267
1294
1267
1062
1118
1209
1179
1208
1167
1151
1145
1160
1138
1159
1177
1148
1151
1200
1146
1180
1193
1264
1280
1243
1295
1270
1288
1298
1388
1285
1291
1303
1388
1344
1420
1330
1247
1311
1399
1323
1400
1351
1295
1305
1350
1145
1180
1190
1184
1175
1215
1250
1238
1174
1148
1159
1133
1194
1158
1094
1151
1131
1163
1261
1165
1152
1181
1253
1286
1297
1269
1382
1399
1419
1556
1611
1625
1580
1678
1786
1736
1877
1887
2031
2106
2094
2109
2143
2287
2321
2398
2419
2500
2636
2562
2660
2693
2753
2757
2801
2803
2842
2889
2954
2904
2983
2984
3002
2929
2911
2924
2896
2931
2939
2891
2885
2905
2930
2898
2916
2779
2837
2834
2900
2870
2885
2813
2758
2762
2735
2817
2731
2731
2742
2720
2850
2762
2648
2717
2745
2674
2782
2768
2853
2816
2871
2941
2859
2823
2896
2858
2948
2896
2941
2947
2867
2939
3024
2960
3017
2977
2863
3105
3033
2765
2841
2856
2885
2750
2802
2775
2750
2645
2624
2524
2507
2408
2470
2383
2305
2340
2214
2079
2057
1971
2043
2009
1833
1806
1776
1687
1606
1616
1607
1549
1400
1440
1409
1289
1281
1342
1252
1189
1200
1149
1195
1178
1097
1145
1176
1137
1122
1088
1156
1037
1179
1086
1241
1216
1086
1171
1239
1342
1182
1238
1374
1315
1326
1295
1305
1522
1307
1282
1349
1420
1331
1282
1280
1304
1389
1243
1274
1329
1235
1343
1250
1153
1252
1166
1174
1165
1105
1209
1129
1076
1134
1171
1170
1112
1165
1083
1058
1243
1192
1249
1194
1222
1241
1304
1345
1413
1340
1471
1463
1393
1614
1595
1592
1658
1721
1743
1812
1951
1994
2017
2073
2186
2255
2268
2354
2453
2474
2462
2553
2625
2685
2706
2741
2815
2926
2755
2926
2906
2931
2938
2958
2924
2991
2987
3001
3031
3018
3027
2967
3034
2950
2923
2883
2925
2894
2910
2884
2781
2807
2840
2952
2778
2714
2769
2748
2729
2765
2778
2725
2737
2774
2773
2796
2816
2756
2763
2715
2767
2794
2887
2842
2770
2948
2898
2862
2904
2894
2863
2993
2882
2863
2957
2903
2928
2951
2910
3029
2939
2968
2816
2977
2885
2844
2885
2862
2782
2819
2689
2611
2565
2560
2558
2520
2380
2381
2291
2223
2130
2141
2074
1907
1929
1911
1728
1813
1597
1597
1545
1547
1482
1422
1393
1335
1371
1312
1245
1176
1283
1203
1183
1144
1125
1098
1080
1071
1118
1051
1183
1038
1079
1072
1125
1140
1094
1177
1226
1213
1154
1254
1295
1257
1213
1379
1374
1424
1306
1388
1463
1344
1323
1394
1360
1277
1397
1398
1334
1266
1307
1228
1259
1166
1248
1273
1174
1234
1137
1098
1136
1130
1153
1176
1161
1127
1038
1122
1178
1077
1214
1214
1233
1183
1268
1226
1240
1340
1301
1354
1430
1360
1491
1543
1577
1665
1659
1828
1954
1912
1931
2017
2018
2133
2219
2198
2359
2381
2404
2425
2484
2531
2569
2611
2731
2802
2711
2689
2822
2891
2938
2973
3017
2979
2992
2880
2913
3045
2959
3034
3009
2944
2897
2968
2907
2973
2880
2890
2882
2850
2847
2773
2810
2822
2781
2759
2771
2754
2733
2684
2724
2736
2708
2651
2705
2780
2761
2707
2876
2797
2777
2797
2865
2833
2865
2905
2856
2863
2717
2949
2949
2943
2981
3014
2958
3030
2939
2954
2911
2967
2986
2936
2948
2878
2847
2772
2773
2781
2866
2671
2721
2631
2587
2509
2487
2490
2387
2348
2354
2195
2219
2127
2022
2050
1914
1747
1847
1698
1748
1650
1470
1447
1490
1525
1411
1368
1350
1272
1339
1361
1145
1151
1233
1133
1188
1151
1084
1102
1076
1191
1185
1182
1118
1147
1118
1165
1182
1288
1209
1239
1254
1226
1265
1341
1350
1241
1353
1177
1317
1275
1386
1349
1351
1431
1425
1318
1237
1543
1267
1201
1342
1267
1274
1241
1227
1223
1243
1095
1167
1180
1194
1134
1158
1126
1128
1138
1098
1114
1110
1173
1180
1200
1207
1148
1211
1265
1268
1380
1335
1418
1449
1453
1504
1611
1467
1694
1604
1674
1774
1898
1984
1893
1999
2165
2145
2250
2297
2406
2455
2458
2556
2444
2524
2639
2708
2755
2788
2788
2793
2831
2921
2927
2983
2955
2855
2905
3027
2997
2967
2895
2948
3089
2873
2956
2946
2944
2947
2863
2860
2834
2934
2782
2856
2798
2759
2719
2690
2764
2680
2796
2697
2681
2727
2732
2781
2733
2727
2773
2766
2848
2741
2744
2779
2803
2784
2918
2887
2831
2848
2924
2888
2970
2882
2923
3028
2981
2957
2882
2959
2970
3010
2922
2991
2881
2877
2790
2796
2840
2808
2625
2724
2622
2669
2559
2434
2427
2437
2303
2252
2269
2238
2005
2072
1916
1966
1890
1854
1808
1694
1631
1568
1533
1437
1517
1574
1431
1237
1301
1225
1360
1224
1222
1291
1166
1070
1095
1092
1191
1172
1133
1163
1098
1120
1226
1150
1136
1172
1242
1266
1225
1252
1279
1255
1226
1300
1303
1199
1365
1434
1374
1319
1385
1398
1363
1356
1349
1331
1281
1313
1278
1312
1216
1278
1195
1286
1266
1158
1159
1262
1188
1251
1078
1210
1115
1098
1199
1128
1116
1037
1155
1115
1136
1175
1170
1255
1270
1221
1233
1340
1368
1342
1484
1411
1566
1582
1629
1683
1811
1798
1884
1851
2019
2038
2059
2160
2192
2238
2277
2365
2436
2530
2578
2610
2592
2693
2731
2829
2790
2806
2884
2847
2938
2899
2940
2912
2955
2917
2967
2993
2921
2968
3051
2885
2941
2874
2870
2864
2972
2840
2911
2889
2819
2757
2827
2838
2811
2838
2775
2816
2733
2727
2764
2707
2869
2892
2712
2713
2761
2787
2789
2898
2755
2801
2937
2877
2766
2892
2823
2832
2954
2962
2960
2919
2903
2960
3009
2884
2994
2980
2996
2867
2984
2907
2937
2854
2788
2724
2845
2734
2642
2691
2678
2650
2428
2528
2443
2347
2311
2191
2299
2140
2074
2024
1950
1797
1905
1841
1705
1663
1610
1564
1581
1480
1461
1365
1358
1420
1316
1199
1160
1218
1270
1303
1069
1066
1119
1106
1150
1151
1145
1111
1123
1137
1139
1181
1194
1265
1219
1284
1296
1177
1238
1219
1284
1297
1295
1275
1220
1279
1333
1310
1338
1283
1368
1369
1260
1345
1375
1312
1322
1272
1251
1317
1232
1303
1234
1249
1285
1171
1207
1112
1186
1136
1101
1107
1252
1106
1111
1087
1097
1159
1123
1165
1187
1300
1202
1265
1293
1256
1282
1390
1402
1505
1560
1601
1593
1679
1769
1748
1994
1803
2021
2149
2096
2248
2290
2353
2387
2466
2542
2498
2571
2607
2659
2678
2708
2665
2768
2793
2879
2816
2931
2941
2905
2931
2979
2980
2918
3038
2830
2971
2977
2900
2997
2970
2916
2822
2800
2895
2865
2808
2832
2814
2854
2812
2723
2865
2771
2839
2801
2789
2707
2740
2840
2668
2642
2754
2692
2704
2787
2859
2776
2818
2841
2888
2856
2805
2896
2908
2825
2845
2850
2830
2960
2980
2954
3012
2853
2926
2996
2980
2883
2887
2869
2885
2798
2762
2854
2791
2758
2677
2594
2573
2466
2464
2512
2499
2404
2323
2208
2145
2057
2039
1991
1973
1861
1779
1684
1726
1668
1578
1542
1463
1410
1455
1386
1337
1296
1290
1208
1159
1258
1181
1099
1118
1210
1080
1124
1124
1215
1183
1242
1194
1074
1125
1136
1081
1251
1247
1237
1246
1290
1275
1329
1289
1372
1357
1368
1368
1365
1182
1345
1400
1258
1300
1296
1292
1383
1287
1267
1307
1342
1243
1302
1190
1316
1143
1275
1185
1234
1126
1170
1222
1080
1156
1071
1229
1167
1076
1160
1153
1172
1182
1178
1223
1171
1257
1275
1368
1235
1429
1406
1531
1612
1504
1651
1642
1761
1798
1897
1921
1956
2104
2114
2269
2247
2334
2263
2472
2447
2428
2529
2548
2723
2642
2811
2779
2742
2775
2864
2896
2906
2936
2979
3068
2996
2947
2943
3006
2973
3022
2980
2876
2912
2904
2946
2882
2948
2893
2928
2885
2807
2915
2861
2845
2796
2767
2740
2745
2733
2785
2774
2821
2802
2811
2775
2773
2714
2808
2803
2746
2818
2810
2911
2870
2919
2936
2807
2972
2907
2946
2976
3065
2967
2974
2915
2863
2998
2981
2947
2908
2940
2911
2901
2935
2806
2832
2821
2719
2665
2650
2550
2602
2652
2516
2429
2400
2316
2301
2272
2101
2058
2005
1984
1923
1795
1840
1851
1677
1571
1630
1502
1481
1481
1461
1362
1395
1300
1287
1188
1158
1251
1186
1121
1138
1122
1171
1179
1069
1239
1188
1067
1091
1143
1164
1246
1199
1221
1328
1269
1225
1279
1206
1265
1246
1323
1384
1291
1282
1314
1328
1305
1370
1332
1262
1280
1355
1269
1376
1236
1315
1351
1295
1352
1264
1336
1253
1132
1340
1264
1183
1097
1211
1148
1114
1114
1152
1165
1222
1131
1136
1135
1151
1219
1165
1184
1178
1235
1275
1406
1465
1415
1475
1596
1587
1572
1699
1735
1766
1883
1914
1987
2021
2128
2153
2276
2248
2367
2360
2445
2512
2485
2507
2716
2649
2678
2679
2886
2906
2875
2830
2938
2916
2876
2892
2930
2941
3023
2997
2958
2913
2966
2943
2887
2874
2877
2870
2826
2953
2802
2839
2819
2792
2845
2723
2781
2827
2772
2752
2790
2785
2723
2709
2693
2792
2668
2786
2804
2771
2779
2749
2814
2798
2844
2781
2872
2846
2968
2979
2996
2927
2857
2989
3013
2955
3044
2988
2963
2985
2958
2985
2957
2976
2965
2860
2822
2861
2815
2687
2761
2691
2598
2530
2497
2500
2413
2339
2360
2268
2298
2037
2112
2106
1920
1937
1851
1790
1826
1694
1617
1579
1515
1450
1457
1384
1322
1384
1290
1200
1225
1219
1170
1182
1105
1128
1223
1178
1158
1243
1123
1047
1075
1093
1112
1144
1117
1200
1156
1158
1333
1258
1266
1291
1305
1252
1280
1319
1237
1330
1346
1359
1321
1346
1340
1269
1360
1314
1367
1242
1220
1265
1293
1260
1346
1302
1174
1253
1288
1177
1163
1200
1214
1156
1136
1120
1183
1058
1142
1154
1187
1132
1101
1120
1192
1152
1251
1288
1233
1294
1279
1383
1568
1549
1458
1601
1548
1739
1836
1801
1892
1887
1996
2029
2069
2129
2341
2322
2311
2359
2477
2384
2621
2606
2573
2653
2603
2856
2770
2739
2845
2869
2852
2923
2964
3014
2995
2968
2950
2984
3027
3007
2986
2922
2974
2963
2835
2984
2835
2891
2893
2751
2855
2825
2783
2851
2817
2773
2738
2716
2695
2735
2795
2770
2812
2762
2712
2701
2758
2787
2749
2813
2802
2806
2933
2880
2862
2842
2910
2836
2901
2870
2928
2959
2988
2932
2991
3090
2922
2893
2927
2862
2974
2903
3007
2845
2873
2846
2800
2697
2679
2713
2656
2523
2554
2536
2459
2336
2345
2313
2153
2167
2066
2123
1861
1896
1840
1800
1698
1684
1733
1631
1686
1409
1576
1339
1412
1406
1340
1280
1191
1221
1204
1228
1216
1177
1146
1178
1120
1155
1195
1107
1179
1194
1165
1157
1132
1222
1242
1130
1321
1219
1230
1249
1208
1403
1193
1242
1363
1333
1288
1319
1372
1363
1369
1402
1337
1299
1420
1332
1326
1256
1329
1302
1303
1293
1286
1259
1210
1203
1132
1212
1059
1141
1071
1148
1085
1183
1095
1023
1178
1201
1193
1154
1132
1189
1281
1301
1270
1232
1381
1433
1445
1555
1547
1524
1599
1730
1749
1778
1962
1983
2023
2108
2235
2246
2165
2217
2453
2453
2469
2552
2595
2697
2617
2662
2691
2754
2833
2686
2758
2785
2960
2960
2931
2986
2871
2977
2987
2965
2952
2880
2992
2942
2890
2952
2826
2853
2925
2863
2873
2860
2753
2759
2834
2775
2823
2775
2748
2807
2737
2748
2734
2672
2706
2746
2746
2764
2744
2702
2772
2732
2805
2894
2851
2877
2821
2781
2827
2847
2852
2908
2960
2909
2903
3066
2866
2979
2925
2962
3041
2933
2927
3008
2835
2895
2928
2795
2883
2697
2723
2713
2595
2598
2493
2417
2465
2325
2349
2293
2310
2151
2154
2006
1945
1949
1942
1825
1729
1714
1652
1552
1480
1517
1463
1368
1398
1339
1389
1219
1207
1241
1229
1160
1186
1085
1228
1077
1096
1089
1177
1146
1135
1186
1154
1143
1130
1229
1264
1194
1211
1289
1223
1215
1288
1358
1340
1350
1319
1289
1280
1334
1370
1315
1356
1269
1370
1308
1289
1295
1291
1281
1267
1241
1309
1267
1270
1216
1277
1132
1172
1184
1147
1106
1208
1119
1097
1133
1186
1142
1071
1110
1172
1170
1280
1178
1222
1351
1310
1301
1384
1461
1484
1486
1567
1559
1666
1662
1786
1792
1892
1843
1992
1944
2200
2271
2234
2299
2384
2418
2397
2482
2510
2560
2699
2672
2716
2766
2813
2805
2795
2799
2900
2919
2953
2981
2928
3009
3026
2989
2978
2903
2928
2890
2955
2907
2912
2947
2877
2804
2806
2939
2806
2838
2823
2799
2689
2763
2801
2738
2823
2728
2763
2858
2746
2748
2758
2710
2856
2726
2787
2761
2860
2840
2809
2869
2900
2828
2913
2880
2926
2965
2947
2941
3008
2962
2993
2990
2994
2927
2932
2942
2895
2881
2987
2918
2899
2835
2781
2782
2620
2712
2730
2615
2558
2540
2448
2317
2315
2293
2141
2151
2062
2167
1967
1952
1928
1808
1710
1801
1623
1582
1514
1497
1538
1365
1452
1261
1221
1263
1355
1183
1198
1144
1156
1182
1129
1103
1172
1136
1018
1111
1118
1170
1221
1195
1088
1156
1261
1202
1252
1283
1186
1345
1256
1276
1308
1283
1354
1373
1334
1335
1439
1392
1330
1516
1321
1322
1327
1276
1170
1308
1340
1304
1283
1291
1180
1201
1243
1209
1242
1237
1244
1162
1183
1154
1101
1154
1048
1095
1193
1096
1132
1116
1145
1203
1252
1284
1315
1343
1417
1449
1423
1490
1572
1594
1667
1681
1796
1826
1841
1966
1992
2000
2152
2217
2212
2171
2237
2397
2448
2457
2618
2624
2690
2670
2733
2776
2758
2909
3042
2884
2948
2926
2916
2928
2920
2940
2947
3038
2876
2962
3017
3008
2881
2967
2867
2936
2943
2912
2908
2839
2750
2781
2769
2824
2835
2722
2796
2653
2737
2650
2778
2693
2682
2740
2748
2787
2860
2797
2842
2797
2727
2790
2856
2782
2848
2843
2921
2933
2924
2898
2993
2896
2959
3001
2942
2929
3010
3060
2949
2892
2931
2969
2823
2934
2857
2747
2801
2820
2687
2678
2640
2614
2536
2512
2462
2315
2314
2201
2202
2152
2099
2017
1990
1968
1962
1788
1785
1685
1657
1664
1487
1595
1466
1493
1320
1373
1325
1255
1254
1218
1089
1130
1146
1177
1229
1124
1234
1162
926
1190
1134
1180
1118
1068
1174
1185
1129
1231
1263
1237
1266
1291
1310
1310
1362
1349
1381
1288
1329
1335
1323
1484
1340
1317
1370
1330
1275
1296
1325
1307
1176
1264
1207
1279
1150
1195
1312
1137
1178
1137
1235
1090
1058
1169
1078
1192
1098
1055
1196
1173
1202
1154
1203
1163
1270
1220
1288
1267
1293
1469
1482
1479
1571
1647
1655
1656
1742
1773
1850
1956
2007
1955
2130
2147
2312
2195
2381
2371
2526
2521
2532
2557
2603
2680
2638
2775
2812
2860
2812
2834
2933
2935
2863
2883
2950
2933
2892
2967
3051
2976
2880
2922
2888
2953
2757
2941
2959
2840
2909
2907
2783
2754
2788
2748
2829
2694
2803
2734
2712
2783
2744
2832
2758
2760
2762
2763
2694
2767
2714
2790
2778
2874
2795
2924
2884
2951
2866
2775
2857
2959
2953
2984
2909
2990
3032
3000
2953
2928
3018
2931
2968
2949
2906
2898
2901
2876
2828
2742
2787
2665
2670
2545
2640
2489
2387
2351
2349
2323
2199
2215
2074
2042
1909
1964
1818
1831
1796
1688
1683
1623
1605
1510
1494
1364
1340
1320
1257
1326
1304
1202
1197
1077
1073
1117
1135
1073
1220
1022
1102
1100
1185
1084
1185
1209
1110
1163
1182
1189
1231
1158
1285
1255
1297
1397
1317
1286
1369
1310
1359
1384
1379
1343
1272
1322
1393
1366
1304
1322
1269
1372
1295
1338
1369
1272
1172
1198
1106
1222
1264
1020
1136
1093
1198
1120
1099
1045
1195
1126
1123
1190
1141
1144
1067
1249
1258
1256
1325
1349
1404
1427
1390
1436
1591
1534
1688
1787
1779
1769
1873
1950
2011
2049
2172
2214
2161
2337
2382
2441
2469
2432
2565
2708
2602
2742
2703
2801
2809
2800
2850
2908
2880
2951
2934
2961
2939
3003
3050
3045
3030
3006
2939
2900
2955
2935
2859
2959
2940
2858
2870
2860
2865
2864
2830
2849
2842
2786
2804
2793
2725
2721
2744
2736
2757
2790
2826
2726
2710
2867
2801
2784
2830
2822
2864
2908
2858
2826
2902
2826
2909
2818
2903
2981
2951
2915
2985
2985
2984
3053
2976
2915
2937
2983
2904
2857
2855
2954
2801
2833
2725
2714
2655
2533
2530
2567
2363
2411
2354
2254
2120
2143
2152
1968
2040
1961
1808
1729
1782
1696
1698
1644
1523
1373
1491
1386
1345
1369
1296
1220
1286
1181
1163
1085
1121
1135
1205
1123
1136
1185
1104
1172
1143
1118
1197
1215
1263
1207
1172
1218
1245
1264
1278
1253
1292
1348
1280
1287
1265
1319
1319
1218
1311
1345
1396
1406
1234
1376
1381
1380
1378
1287
1298
1308
1229
1288
1262
1165
1194
1238
1173
1172
1107
1202
1131
1154
1152
1076
1100
1105
1171
1109
1240
1045
1197
1256
1290
1256
1359
1322
1314
1451
1489
1551
1572
1482
1532
1634
1744
1781
1899
1926
1996
2014
2157
2230
2149
2274
2314
2401
2388
2463
2496
2556
2715
2721
2690
2748
2774
2906
2880
2836
2854
2913
2851
2919
2994
2961
2966
2937
2908
2969
2890
2968
2824
2911
2866
2881
2998
2891
2939
2824
2894
2854
2805
2898
2746
2768
2668
2738
2835
2737
2749
2750
2746
2708
2719
2665
2785
2743
2767
2808
2805
2896
2841
2848
2834
2907
2933
2809
2887
2878
2834
2884
2856
3019
2927
3004
2859
2851
2894
3000
2897
2948
2934
2833
2911
2729
2879
2840
2764
2778
2633
2656
2509
2536
2474
2407
2259
2347
2257
2171
2103
2139
2018
1869
1909
1829
1728
1675
1602
1602
1531
1568
1560
1454
1470
1345
1190
1252
1246
1191
1258
1199
1155
1059
1106
1109
1140
1105
1042
1183
1051
1056
1226
1187
1183
1226
1198
1166
1205
1344
1226
1262
1307
1283
1342
1298
1318
1353
1354
1405
1368
1341
1388
1332
1320
1356
1349
1220
1322
1234
1282
1234
1277
1209
1243
1236
1179
1235
1152
1237
1092
1272
1124
1158
1052
1092
1020
1111
1143
1195
1221
1223
1174
1196
1195
1262
1299
1249
1375
1430
1452
1481
1471
1588
1615
1669
1725
1853
1860
1886
1907
2072
2117
2153
2183
2208
2351
2437
2373
2494
2613
2575
2598
2756
2684
2733
2725
2789
2822
2821
2797
2901
2993
2951
2941
2968
3032
3098
3040
2961
2995
2967
3064
2948
2918
2860
2968
2902
2932
2747
2787
2839
2818
2771
2775
2808
2833
2780
2708
2674
2651
2735
2792
2703
2702
2760
2671
2783
2851
2805
2737
2761
2868
2778
2743
2923
2770
2976
2876
2900
3012
2982
2930
3006
2958
2943
3016
2989
2862
2951
2928
2934
2874
2866
2796
2923
2800
2752
2765
2672
2652
2561
2620
2519
2334
2418
2297
2251
2179
2136
2132
2034
1944
1893
1897
1806
1803
1664
1688
1614
1496
1502
1372
1413
1275
1313
1273
1286
1167
1171
1233
1151
1165
1136
1061
1207
1074
1080
1172
1090
1124
1167
1143
1098
1191
1191
1225
1189
1328
1251
1271
1371
1310
1227
1304
1374
1281
1301
1334
1370
1311
1386
1439
1346
1346
1344
1374
1209
1294
1237
1236
1247
1168
1190
1231
1168
1189
1139
1168
1219
1146
1176
1183
1130
1160
1069
1143
1081
1185
1097
1056
1202
1112
1160
1190
1260
1343
1401
1342
1448
1476
1553
1598
1538
1727
1642
1669
1822
1860
1942
1957
2018
2117
2164
2238
2236
2276
2289
2499
2549
2512
2560
2620
2694
2715
2689
2753
2890
2862
2881
2881
2849
2918
2939
2938
2949
2910
3009
3031
2934
2913
2929
2998
3000
3004
2970
2885
2947
2827
2881
2804
2871
2828
2831
2836
2788
2765
2796
2736
2764
2771
2728
2740
2755
2765
2821
2693
2759
2783
2810
2831
2771
2856
2803
2954
2879
2827
2908
2934
2981
2958
2968
2912
2919
2986
2926
2994
2936
3095
3016
2903
2857
2927
2798
2895
2806
2815
2698
2771
2676
2685
2610
2543
2504
2473
2411
2367
2256
2250
2166
2157
2050
2077
1967
1844
1815
1719
1673
1719
1529
1703
1474
1522
1497
1474
1288
1341
1337
1242
1245
1155
1223
1248
1135
1107
1087
1152
1049
1064
1109
1142
1125
1120
1120
1227
1193
1202
1246
1239
1263
1211
1257
1338
1329
1264
1321
1343
1342
1261
1392
1362
1357
1368
1291
1341
1279
1303
1396
1277
1335
1249
1340
1236
1265
1237
1210
1222
1135
1189
1167
1102
1095
1212
1233
1140
1053
1176
1091
1174
1199
1119
1133
1190
1192
1294
1291
1325
1317
1408
1336
1401
1509
1603
1669
1650
1735
1679
1772
1900
1987
2001
1987
2093
2179
2272
2294
2336
2388
2445
2469
2561
2627
2708
2635
2745
2735
2792
2769
2853
2844
2976
2917
3002
2970
2966
2961
2955
2960
2979
2929
2928
2819
2987
2898
2914
2891
2874
2882
2877
2887
2790
2866
2751
2779
2760
2821
2782
2807
2780
2761
2812
2768
2739
2752
2691
2716
2789
2764
2691
2716
2847
2880
2861
2873
2891
2944
2886
2928
2863
2837
2996
2926
2988
3003
2973
2991
3012
3045
2931
2938
2911
2915
2906
2905
2810
2774
2782
2785
2783
2782
2514
2575
2524
2458
2400
2418
2356
2326
2213
2210
2236
2011
1913
1951
2001
1799
1701
1743
1676
1494
1540
1504
1477
1429
1382
1333
1242
1238
1248
1231
1173
1101
1159
1136
1126
1192
1092
1236
1058
1103
1122
1195
1208
1095
1164
1150
1103
1219
1207
1275
1296
1234
1320
1250
1300
1307
1376
1336
1266
1306
1360
1320
1354
1419
1328
1340
1323
1367
1300
1291
1295
1270
1306
1221
1212
1132
1171
1186
1013
1185
1224
1108
1139
1199
1141
1168
1132
1133
1126
1075
1144
1240
1188
1188
1342
1305
1322
1326
1372
1495
1459
1485
1510
1555
1615
1734
1765
1793
1919
1930
1989
1933
2168
2210
2273
2405
2359
2434
2437
2505
2499
2680
2686
2765
2728
2786
2795
2826
2839
2847
2919
2855
2896
2901
2925
2909
2987
2960
3014
2967
2950
2998
2897
2833
2908
2940
2925
2916
2815
2845
2828
2918
2779
2826
2851
2786
2782
2769
2747
2756
2698
2658
2790
2823
2749
2759
2711
2691
2737
2755
2840
2792
2867
2891
2818
2842
2954
2920
2942
2935
2967
3013
2965
2866
2939
3029
3032
2983
2958
2921
3015
2912
2923
2876
2827
2888
2811
2778
2754
2641
2675
2659
2553
2581
2494
2320
2363
2324
2257
2198
2205
2066
2020
1916
1891
1744
1803
1812
1638
1693
1536
1468
1484
1462
1367
1338
1241
1340
1256
1130
1102
1100
1122
1162
1181
1121
1127
1224
1208
1051
1109
1134
1191
1076
1257
1253
1241
1184
1246
1170
1217
1323
1353
1283
1316
1306
1304
1337
1306
1313
1324
1336
1361
1388
1506
1303
1280
1285
1294
1228
1352
1278
1278
1156
1236
1210
1233
1212
1149
1138
1147
1196
1066
1072
1217
1101
1100
1194
1152
1296
1237
1174
1229
1229
1287
1313
1260
1335
1432
1396
1435
1485
1544
1724
1628
1761
1795
1853
1788
1996
2049
2069
2143
2110
2117
2307
2393
2421
2480
2435
2477
2616
2743
2621
2767
2750
2844
2818
2845
2958
2860
2917
2975
2952
2955
3033
3001
2969
2986
2953
2972
3008
2982
2834
2930
2956
2861
2880
2828
2805
2891
2885
2826
2763
2711
2777
2755
2746
2743
2685
2760
2714
2768
2720
2772
2725
2799
2738
2797
2805
2824
2824
2816
2935
2813
2831
2935
2854
2920
2890
3103
2931
2938
2954
2944
2882
2918
2945
2870
2933
2896
3013
2879
2832
2801
2770
2798
2698
2706
2698
2634
2617
2611
2539
2457
2358
2334
2254
2271
2173
2089
2152
2103
1989
1786
1766
1721
1724
1569
1627
1482
1448
1448
1454
1307
1369
1382
1242
1284
1176
1228
1172
1175
1172
1099
1104
1023
1117
1139
1127
1120
1159
1034
1169
1166
1146
1263
1225
1253
1259
1265
1263
1223
1349
1247
1353
1320
1311
1288
1339
1271
1293
1339
1384
1364
1400
1337
1274
1302
1351
1306
1324
1204
1229
1156
1232
1173
1208
1103
1207
1159
1163
1156
1093
1122
1091
1162
1089
1170
1114
1172
1159
1255
1175
1209
1295
1247
1304
1311
1418
1389
1427
1507
1660
1568
1664
1745
1791
1914
1831
2029
1978
2063
2157
2255
2242
2361
2433
2453
2567
2603
2645
2707
2770
2744
2791
2791
2832
2784
2954
2890
2965
2836
2930
2934
3059
2999
2963
2999
2927
2986
3008
2946
2842
2910
2863
2911
2857
2896
2839
2939
2778
2869
2745
2833
2762
2812
2741
2781
2676
2686
2759
2720
2740
2721
2734
2780
2818
2799
2754
2912
2856
2905
2850
2913
2946
2904
2925
2955
2869
3006
2927
2918
3006
2883
2908
3059
2951
2967
2958
2936
2955
2902
2879
2939
2862
2823
2813
2743
2724
2662
2733
2586
2514
2425
2368
2340
2236
2258
2196
2202
2050
1891
1938
1927
1881
1764
1634
1607
1544
1579
1509
1503
1418
1335
1309
1180
1274
1219
1321
1217
1184
1183
1109
1117
1147
1150
1217
1184
1163
1129
1225
1169
1176
1155
1208
1252
1336
1246
1355
1114
1290
1259
1314
1222
1310
1410
1278
1283
1280
1301
1377
1370
1283
1322
1245
1314
1272
1224
1324
1314
1219
1221
1156
1303
1283
1204
1212
1236
1064
1116
1059
1204
1135
1120
1090
1120
1089
1222
1207
1176
1185
1177
1254
1308
1293
1219
1346
1373
1376
1468
1469
1586
1608
1498
1751
1784
1808
1960
1941
1977
2033
2102
2230
2276
2313
2278
2337
2416
2489
2587
2616
2719
2717
2716
2725
2829
2774
2892
2840
2876
2920
2988
2930
2931
2974
2970
3053
2979
3000
2892
2979
2965
2880
2950
2842
2858
2831
2928
2862
2805
2790
2877
2691
2718
2741
2861
2698
2708
2682
2811
2766
2754
2638
2644
2777
2799
2749
2718
2839
2758
2929
2786
2898
2852
2844
2822
2964
2959
2893
2956
2930
2816
2971
2876
2981
3014
2992
2976
2911
2918
2974
2839
2925
2857
2794
2756
2864
2691
2604
2530
2646
2526
2455
2466
2453
2335
2317
2235
2076
2067
2074
1921
1984
1885
1791
1754
1720
1592
1506
1535
1506
1491
1392
1350
1273
1442
1232
1253
1123
1132
1196
1185
1125
1075
1170
1071
1120
1118
1146
1154
1105
1151
1207
1205
1289
1169
1189
1136
1253
1346
1284
1328
1325
1262
1372
1292
1341
1322
1334
1306
1418
1392
1318
1327
1245
1262
1395
1336
1281
1378
1270
1234
1306
1229
1222
1267
1153
1235
1162
1227
1160
1085
1197
1123
1088
1101
1121
1140
1151
1147
1199
1187
1199
1222
1252
1306
1311
1347
1420
1400
1519
1565
1635
1682
1712
1701
1853
1847
1920
1940
1979
2023
2211
2255
2237
2322
2310
2456
2526
2572
2541
2576
2646
2717
2810
2800
2856
2807
2868
2953
2918
3008
2950
2934
3036
2942
2898
2916
2868
3031
2963
2916
2872
2864
2958
2836
2896
2914
2878
2852
2817
2726
2801
2739
2756
2694
2738
2819
2725
2818
2656
2720
2738
2742
2717
2835
2746
2760
2736
2922
2773
2840
2821
2867
2849
2927
2942
2846
2903
2878
2908
3035
3016
3008
3050
2920
3052
2986
2970
2947
3028
2855
2945
2875
2865
2822
2790
2758
2688
2589
2549
2577
2542
2383
2402
2425
2302
2272
2057
2155
2041
1984
1878
1849
1811
1698
1661
1750
1595
1621
1450
1502
1310
1419
1354
1301
1295
1273
1222
1143
1155
1175
1139
1096
1194
1070
1088
1058
1132
1174
1085
1154
1141
1220
1172
1239
1166
1279
1314
1275
1300
1237
1331
1290
1306
1411
1331
1330
1414
1436
1318
1406
1324
1399
1268
1343
1220
1256
1366
1323
1261
1269
1225
1229
1223
1184
1226
1252
1228
1157
1142
1111
1142
1072
1147
1176
1032
1152
1165
1166
1100
1230
1232
1264
1333
1397
1367
1354
1380
1395
1517
1666
1600
1696
1627
1658
1816
1727
2005
2101
2035
2107
2209
2222
2315
2303
2369
2341
2537
2612
2586
2624
2650
2708
2747
2790
2798
2892
2813
2906
2951
2836
2911
2982
2935
3004
2955
2962
3010
3027
2935
3000
2873
3006
2856
2844
2842
2855
2894
2769
2753
2772
2820
2808
2759
2830
2786
2834
2749
2709
2744
2783
2799
2805
2811
2828
2739
2853
2780
2744
2822
2830
2877
2868
2941
2922
2869
2848
2949
2893
2906
2954
2983
3024
2973
3035
2955
2935
2914
2924
2957
2888
2829
2793
2742
2801
2808
2760
2645
2660
2663
2484
2540
2393
2412
2386
2335
2193
2218
2072
2113
2001
1882
1768
1910
1726
1685
1576
1695
1575
1399
1429
1515
1290
1269
1292
1321
1252
1225
1206
1218
1138
1150
1091
1179
1206
1055
1071
1211
1162
1119
1128
1190
1246
1095
1079
1269
1243
1222
1293
1302
1280
1302
1288
1346
1291
1273
1385
1292
1314
1281
1364
1446
1497
1321
1330
1378
1381
1363
1317
1299
1324
1284
1266
1098
1224
1181
1137
1213
1157
1168
1092
1104
1148
1064
1113
1161
1178
1055
1188
1254
1216
1198
1196
1296
1320
1372
1448
1434
1444
1578
1584
1633
1685
1596
1807
1861
1746
2001
2098
2065
2104
2243
2242
2240
2339
2336
2481
2521
2507
2629
2615
2710
2681
2783
2827
2812
2833
2865
2910
2918
2965
2914
2863
2971
3024
2941
2920
3061
2927
3008
2916
2924
2923
2853
2788
2891
2805
2870
2845
2767
2852
2796
2757
2700
2816
2717
2719
2807
2827
2754
2765
2700
2760
2712
2781
2765
2817
2798
2796
2860
2901
2848
2768
2830
2890
2937
2905
2935
2802
2964
2973
2859
3022
2998
2924
2999
2950
2900
2965
2859
2905
2853
2912
2788
2864
2746
2739
2763
2682
2587
2542
2568
2401
2420
2363
2373
2165
2167
2193
2096
1911
1862
1901
1758
1744
1731
1618
1673
1522
1460
1471
1499
1353
1272
1300
1180
1254
1168
1224
1243
1247
1234
1181
1191
1129
1111
1073
1059
1147
1144
1234
1106
1148
1110
1219
1229
1206
1273
1253
1201
1311
1228
1298
1374
1359
1373
1318
1315
1335
1390
1354
1319
1327
1313
1292
1387
1330
1290
1279
1233
1325
1288
1183
1304
1114
1188
1133
1246
1155
1122
1120
1164
1124
1128
1016
1055
1231
1144
1127
1162
1246
1099
1157
1258
1289
1357
1382
1438
1423
1509
1492
1504
1591
1708
1792
1731
1939
1987
1917
1976
2130
2171
2245
2286
2293
2430
2545
2526
2503
2594
2679
2789
2762
2650
2772
2874
2855
2951
2856
2909
2922
2944
2918
2942
2939
2956
2935
2975
2865
2898
2960
2988
2968
2954
2844
2936
2870
2808
2809
2838
2779
2810
2807
2786
2785
2786
2867
2757
2746
2751
2834
2840
2776
2856
2761
2792
2809
2815
2815
2830
2807
2804
2791
2860
2846
2975
2889
2933
2980
2940
2901
2995
2921
3024
2980
3043
2887
2934
2978
3014
2868
2919
2868
2810
2786
2797
2722
2658
2598
2582
2560
2605
2440
2509
2337
2263
2211
2219
2174
2083
1913
1904
1891
1756
1784
1686
1614
1616
1494
1539
1396
1428
1363
1295
1248
1351
1314
1170
1203
1190
1152
1130
1126
1168
1051
1213
1069
1173
1128
1205
1132
1237
1305
1151
1248
1174
1281
1220
1252
1301
1311
1298
1439
1363
1347
1378
1285
1225
1329
1339
1376
1304
1328
1352
1372
1368
1293
1290
1300
1212
1244
1199
1230
1297
1213
1269
1163
1137
1122
1162
1057
1106
981
1114
1175
1136
1141
1180
1137
1204
1188
1220
1205
1235
1304
1387
1468
1413
1424
1461
1497
1642
1700
1782
1709
1918
1897
1896
1967
2041
2058
2179
2283
2291
2369
2379
2476
2503
2527
2616
2678
2668
2709
2769
2805
2853
2862
2842
2926
2909
2891
2948
3079
2943
2834
2978
3010
2891
2970
2967
2969
2894
2865
2961
2869
2903
2981
2919
2797
2829
2851
2750
2831
2860
2747
2709
2769
2681
2701
2743
2752
2719
2805
2769
2812
2676
2806
2718
2757
2747
2884
2885
2958
2963
2955
2850
2948
2962
2988
2983
2903
2929
2844
2942
2973
2925
2922
2998
2922
2909
2876
2890
2894
2765
2783
2822
2686
2736
2588
2568
2607
2555
2537
2402
2391
2149
2284
2169
2188
2081
1923
1917
1876
1883
1795
1757
1656
1601
1546
1469
1414
1366
1359
1239
1290
1179
1274
1299
1284
1212
1115
1101
1117
1156
1148
1113
1117
1155
1137
1107
1148
1205
1220
1135
1137
1191
1275
1315
1255
1293
1299
1350
1365
1351
1432
1343
1399
1325
1380
1391
1444
1359
1472
1348
1301
1281
1256
1280
1240
1255
1289
1264
1237
1366
1182
1270
1142
1221
1166
1164
1074
1195
1152
1120
1121
1116
1137
1203
1099
1161
1254
1273
1296
1223
1306
1338
1362
1365
1451
1509
1560
1518
1624
1784
1812
1742
1895
1979
2110
2052
2101
2187
2266
2163
2326
2362
2457
2586
2613
2610
2627
2598
2721
2797
2745
2829
2822
2928
2777
2903
2962
2977
2906
3015
2954
3010
2916
2975
2916
3029
2979
2967
2909
2990
2949
2897
2956
2826
2852
2808
2767
2759
2697
2742
2726
2692
2738
2784
2789
2808
2790
2787
2696
2785
2762
2731
2819
2712
2913
2824
2804
2826
2776
2905
2874
2908
2950
2969
2870
2927
3020
2928
2885
2928
2940
2968
2956
2956
2990
2916
2852
2856
2878
2838
2797
2885
2772
2678
2732
2616
2645
2469
2410
2375
2327
2227
2227
2238
2090
1961
2007
1958
1879
1874
1747
1762
1599
1560
1538
1465
1423
1467
1402
1447
1412
1235
1224
1145
1112
1197
1223
1157
1178
1130
1055
1092
1059
1129
1048
1097
1095
1195
1235
1180
1214
1184
1258
1204
1185
1147
1375
1257
1222
1383
1243
1292
1417
1355
1318
1319
1306
1417
1366
1318
1383
1313
1296
1226
1253
1275
1267
1300
1235
1267
1260
1154
1273
1183
1161
1203
1174
1024
1117
1188
1163
1128
1198
1198
1143
1256
1266
1165
1207
1239
1357
1311
1418
1384
1407
1494
1481
1579
1597
1650
1773
1862
1891
1921
1969
2098
2124
2080
2190
2275
2322
2344
2510
2381
2492
2579
2658
2807
2741
2773
2793
2833
2753
2885
2941
2881
2959
2987
2937
3003
2955
3014
2925
3031
3004
2927
2912
2955
2992
2943
2915
2979
2876
2888
2919
2775
2830
2840
2742
2721
2707
2829
2788
2731
2766
2659
2759
2694
2611
2709
2665
2767
2762
2799
2885
2844
2838
2812
2764
2922
2972
2956
2966
2872
2924
2968
2927
3046
2977
2970
2913
2977
2993
2964
2931
2890
2880
2821
2818
2881
2819
2702
2692
2633
2659
2602
2518
2505
2497
2435
2318
2264
2104
2107
2183
2067
2005
1903
1771
1852
1670
1704
1622
1585
1489
1451
1432
1425
1352
1355
1304
1277
1275
1198
1199
1124
1140
1183
1202
1142
1188
1128
1136
1062
1204
1136
1081
1154
1226
1193
1211
1271
1248
1183
1293
1287
1312
1305
1369
1329
1228
1315
1345
1360
1329
1321
1389
1367
1239
1253
1269
1353
1341
1359
1268
1223
1353
1235
1283
1229
1226
1258
1128
1137
1195
1143
1130
1159
1157
1031
1142
1086
1217
1185
1071
1082
1112
1123
1203
1330
1251
1390
1496
1405
1524
1469
1614
1585
1606
1708
1805
1767
1846
1868
2011
2075
2067
2031
2230
2254
2361
2332
2386
2538
2648
2585
2542
2634
2767
2766
2804
2830
2783
2904
2934
2938
2934
2956
2987
2951
3071
2926
2946
2982
3005
2937
2948
3008
2893
2975
2896
2959
2895
2783
2811
2827
2842
2821
2732
2811
2707
2790
2781
2721
2739
2757
2748
2763
2695
2759
2826
2841
2841
2814
2854
2781
2909
2866
2811
2821
2815
2918
2967
3003
2909
3019
2936
2900
2960
3068
2902
2895
2992
3000
2952
2905
2945
2995
2872
2789
2888
2730
2704
2646
2567
2527
2546
2457
2505
2408
2386
2322
2299
2217
2069
2104
2041
1867
1863
1867
1699
1777
1647
1675
1624
1593
1348
1374
1412
1373
1316
1273
1340
1231
1233
1157
1123
1134
1133
1211
1139
1146
1174
1101
1121
1171
1194
1197
1115
1243
1125
1223
1214
1211
1342
1330
1360
1253
1248
1235
1351
1275
1359
1318
1368
1333
1312
1320
1369
1270
1372
1376
1317
1298
1273
1298
1233
1291
1295
1200
1305
1236
1201
1183
1107
1311
1182
1184
1042
1168
1124
1141
1114
1191
1170
1125
1196
1288
1227
1257
1290
1321
1381
1440
1479
1493
1561
1594
1670
1671
1768
1868
1890
1908
1956
2102
2124
2185
2236
2251
2359
2452
2426
2434
2565
2618
2572
2774
2724
2707
2722
2783
2869
2901
2954
2913
2865
2986
3061
2974
2998
2983
2997
2898
2913
2957
2860
2926
2939
2944
2999
2993
2804
2852
2785
2857
2775
2882
2760
2776
2759
2800
2760
2873
2697
2806
2754
2750
2707
2792
2777
2792
2792
2816
2815
2756
2835
2866
2824
2901
2877
2834
2904
2907
2967
2984
3008
2945
2959
3041
3012
2851
3013
2977
2885
2841
2914
2845
2909
2856
2812
2803
2730
2629
2605
2515
2514
2453
2426
2404
2353
2154
2193
2219
2080
1999
2045
1918
1875
1778
1750
1700
1495
1656
1461
1507
1473
1414
1328
1354
1216
1260
1280
1305
1183
1132
1137
1171
1239
1128
1160
1129
1103
1143
1186
984
1141
1247
1110
1146
1204
1238
1215
1208
1317
1213
1269
1250
1409
1314
1327
1261
1299
1408
1372
1392
1335
1230
1396
1368
1333
1236
1329
1322
1301
1230
1196
1314
1252
1220
1160
1154
1152
1222
1104
1221
1224
1087
1147
1208
1083
1199
1114
1127
1197
1170
1213
1161
1281
1215
1181
1296
1432
1387
1488
1511
1564
1573
1678
1704
1721
1796
1915
1901
1943
2052
2108
2248
2206
2303
2434
2462
2486
2460
2574
2688
2629
2587
2800
2698
2794
2835
2834
2845
2913
2938
2887
2931
2934
2902
2988
2880
2996
3021
3063
2945
3007
2959
2904
2894
2873
2907
2861
2838
2859
2869
2803
2737
2904
2815
2716
2736
2676
2775
2759
2722
2781
2714
2814
2719
2714
2740
2764
2744
2852
2863
2863
2910
3012
2907
2852
2877
2865
2896
2916
2909
2988
2914
2981
2965
2916
2876
2883
2898
2955
2960
2875
2891
2807
2857
2786
2819
2680
2705
2647
2659
2440
2579
2429
2369
2341
2327
2226
2110
2099
1997
1898
1915
1807
1878
1722
1739
1628
1577
1540
1511
1443
1379
1265
1289
1363
1274
1282
1194
1207
1203
1175
1178
1106
1177
1067
1015
1123
1179
1098
1186
1229
1118
1185
1234
1162
1250
1268
1209
1288
1399
1209
1187
1334
1297
1313
1279
1339
1321
1341
1386
1444
1413
1413
1366
1326
1373
1268
1345
1221
1390
1305
1286
1240
1190
1175
1161
1156
1158
1191
1178
1177
1171
1156
1172
1138
1104
1145
1082
1274
1109
1142
1170
1277
1318
1250
1300
1302
1337
1377
1479
1557
1612
1605
1762
1820
1800
1847
1985
1973
2064
2181
2197
2224
2195
2270
2414
2370
2466
2594
2610
2601
2690
2688
2708
2846
2892
2855
2974
2911
2940
2930
2989
2975
2930
2894
3013
2975
2951
2883
3044
2844
2895
2890
2931
2858
2928
2886
2817
2818
2851
2855
2804
2771
2803
2841
2740
2751
2695
2758
2663
2720
2680
2826
2740
2717
2672
2856
2723
2777
2841
2704
2934
2897
2929
2875
2801
2913
2909
2932
3004
2981
3013
2900
2937
2966
2969
2893
2919
2825
2923
2941
2837
2862
2825
2835
2835
2724
2696
2659
2586
2609
2416
2457
2467
2405
2221
2245
2079
2061
1954
2034
2002
1882
1858
1739
1725
1658
1628
1568
1523
1407
1393
1402
1238
1260
1223
1140
1182
1228
1146
1173
1207
1170
1109
1162
1090
1167
1210
1186
1188
1054
1168
1223
1192
1245
1213
1194
1297
1171
1245
1209
1361
1323
1334
1347
1312
1321
1332
1399
1277
1424
1326
1336
1316
1342
1372
1320
1338
1364
1263
1205
1175
1103
1147
1219
1151
1239
1243
1173
1130
1165
1106
1093
1155
1127
1092
1116
1232
1233
1175
1228
1291
1233
1284
1253
1322
1378
1377
1432
1555
1499
1623
1602
1725
1749
1833
1878
1882
1999
2127
2104
2220
2385
2242
2308
2456
2336
2570
2532
2619
2713
2682
2681
2836
2818
2832
2852
2837
2916
2878
2915
2905
3019
2884
3014
2971
3140
2859
2966
3019
2887
3012
2925
2810
2789
2876
2888
2847
2807
2777
2783
2741
2784
2752
2747
2740
2743
2713
2757
2739
2817
2730
2765
2683
2748
2872
2735
2771
2779
2817
2919
2891
2788
2954
2838
2858
2908
2949
2925
2976
3027
2894
3040
3060
2942
2966
2947
2960
2910
2874
2867
2860
2857
2926
2847
2795
2762
2668
2612
2542
2456
2542
2422
2406
2395
2251
2238
2234
2088
2084
1922
1925
1874
1837
1681
1717
1787
1617
1545
1478
1522
1331
1319
1355
1420
1230
1245
1267
1253
1133
1204
1141
1126
1200
1112
1021
1045
1107
1110
1158
1202
1254
1172
1067
1224
1149
1200
1289
1218
1331
1319
1335
1253
1414
1311
1331
1268
1315
1366
1377
1360
1371
1239
1246
1291
1340
1400
1292
1345
1341
1303
1162
1287
1178
1216
1167
1119
1199
1117
1145
1125
1121
1134
1115
1113
1157
1168
1124
1178
1036
1185
1241
1308
1228
1314
1402
1283
1437
1400
1559
1488
1577
1593
1725
1732
1812
1904
1947
1989
2036
2107
2081
2182
2331
2329
2404
2461
2465
2580
2601
2701
2778
2831
2662
2743
2847
2793
2850
2909
2959
2904
3028
2944
2942
3053
2908
2938
2998
3043
2956
2957
2923
3002
2947
2858
2958
2816
2917
2783
2785
2824
2840
2832
2779
2791
2758
2756
2713
2750
2785
2741
2696
2758
2799
2773
2677
2771
2866
2886
2901
2815
2924
2837
2819
2895
2961
2914
2902
2874
2983
3017
2975
3035
3054
2981
2942
2961
2994
3037
2956
2932
2986
2963
2865
2899
2778
2663
2729
2566
2602
2598
2499
2568
2447
2362
2239
2284
2207
2017
2068
1965
1946
1840
1776
1695
1714
1637
1631
1646
1663
1383
1405
1376
1289
1314
1198
1236
1108
1189
1177
1186
1120
1116
1115
1155
1143
1084
1106
1121
1144
1171
1179
1246
1208
1134
1271
1259
1236
1284
1314
1315
1320
1201
1355
1337
1374
1333
1344
1297
1391
1369
1316
1288
1307
1351
1224
1359
1304
1285
1253
1327
1269
1246
1347
1170
1182
1156
1193
1167
1110
1015
1195
1003
1193
1086
1132
1137
1140
1151
1208
1206
1180
1233
1349
1288
1369
1315
1416
1409
1503
1571
1698
1650
1703
1776
1851
1844
1971
2016
1966
2140
2112
2229
2330
2322
2410
2493
2484
2583
2627
2660
2694
2753
2785
2874
2781
2861
2876
2845
2869
2978
3014
3040
3067
2933
2882
2954
2923
2965
2982
3039
2940
2978
2929
2922
2902
2870
2788
2789
2826
2701
2815
2770
2808
2742
2708
2696
2671
2781
2747
2779
2730
2763
2847
2736
2855
2780
2769
2804
2707
2823
2832
2911
2877
2850
2895
2943
2865
2896
2957
2873
2966
2928
2914
2964
2913
2983
2974
2965
2973
2884
2857
2855
2879
2793
2732
2687
2693
2627
2663
2532
2528
2453
2436
2395
2329
2213
2223
2109
2072
1969
1996
1818
1810
1814
1693
1699
1550
1590
1438
1500
1371
1412
1299
1268
1380
1256
1196
1255
1063
1181
1151
1169
1149
1136
1163
1091
1086
1134
1030
1145
1201
1160
1251
1153
1212
1233
1237
1216
1243
1275
1286
1332
1385
1245
1349
1390
1461
1351
1375
1420
1337
1371
1309
1293
1247
1283
1315
1290
1242
1189
1243
1256
1214
1145
1237
1158
1288
1155
1119
1109
1169
1077
1222
1166
1048
1167
1088
1165
1163
1139
1213
1297
1380
1343
1374
1404
1340
1584
1481
1525
1634
1683
1679
1779
1871
1908
1936
2066
1981
2105
2100
2244
2300
2326
2402
2471
2466
2601
2586
2755
2730
2681
2740
2839
2844
2918
2834
2888
2873
2934
2929
3057
2985
2984
2924
2970
2987
2879
2983
2934
2968
2959
2788
2938
2920
2720
2813
2884
2782
2821
2773
2798
2755
2837
2697
2768
2778
2770
2774
2710
2732
2803
2701
2722
2750
2861
2825
2764
2824
2717
2870
2780
2899
2878
2885
2918
2979
3097
2964
3026
2996
2959
3000
2947
2979
2997
2966
2941
2869
3016
2871
2835
2839
2850
2856
2838
2721
2640
2603
2553
2454
2512
2425
2377
2304
2211
2183
2136
2018
1965
1973
1905
1773
1740
1692
1672
1546
1554
1443
1477
1532
1349
1273
1235
1358
1229
1168
1166
1123
1165
1165
1129
1130
1228
1118
1183
1155
1059
1274
1145
1120
1146
1195
1082
1238
1244
1128
1284
1318
1232
1345
1344
1342
1347
1365
1301
1421
1319
1215
1387
1314
1313
1317
1292
1336
1340
1258
1309
1291
1243
1199
1247
1125
1244
1080
1204
1142
1075
1071
1127
1199
1071
1125
1123
1088
1192
1165
1239
1173
1218
1133
1282
1288
1312
1355
1270
1438
1496
1427
1542
1578
1608
1634
1830
1778
1872
1940
2024
2127
2160
2091
2265
2326
2253
2492
2437
2501
2537
2657
2693
2680
2679
2867
2782
2793
2842
2942
2901
2934
2868
2966
2860
2996
2940
2931
3024
2873
2922
2925
2876
2934
2989
2937
2887
2865
2835
2780
2796
2865
2797
2828
2783
2905
2835
2749
2687
2722
2743
2780
2754
2774
2783
2714
2764
2802
2742
2826
2760
2849
2809
2899
2859
2920
2896
2907
2926
2924
2845
2934
2997
3007
3054
3079
2993
3000
2943
2989
2965
2921
2919
2854
2850
2851
2835
2809
2756
2662
2633
2603
2482
2591
2432
2475
2347
2293
2233
2258
2057
1976
1960
1929
1827
1943
1731
1619
1595
1579
1614
1544
1414
1449
1395
1347
1334
1233
1216
1223
1199
1174
1223
1138
1133
1128
1202
1063
1115
1149
1166
1092
1156
1140
1151
1154
1137
1298
1197
1269
1296
1292
1261
1275
1402
1432
1351
1348
1335
1318
1294
1272
1352
1386
1316
1244
1419
1311
1320
1296
1236
1321
1267
1187
1161
1254
1240
1200
1156
1095
1124
1113
1213
1180
1166
1193
1153
1172
1089
1169
1161
1154
1172
1239
1224
1200
1321
1325
1379
1371
1424
1506
1489
1546
1679
1594
1706
1855
1959
1871
2020
2013
2209
2163
2224
2268
2355
2324
2444
2505
2527
2504
2645
2598
2765
2756
2889
2798
2949
2891
2879
2953
2925
2954
2970
2925
2957
2982
2980
2761
3027
2940
2916
2999
2906
2933
2976
2885
2892
2798
2823
2790
2754
2745
2750
2783
2714
2786
2765
2764
2798
2800
2751
2673
2769
2762
2838
2761
2692
2778
2819
2817
2933
2835
2927
2791
2919
2882
2878
2920
3006
2894
2937
2972
2927
2975
3012
2987
2874
2907
2948
2956
2923
2911
2811
2870
2798
2721
2746
2701
2672
2566
2503
2625
2538
2366
2318
2266
2209
2183
2236
2073
1919
1923
1916
1882
1770
1669
1642
1537
1639
1532
1444
1416
1304
1366
1267
1235
1254
1181
1186
1210
1248
1144
1177
1111
1242
1096
1194
1129
1129
1116
1194
1212
1188
1276
1294
1263
1214
1194
1250
1268
1342
1211
1307
1309
1202
1250
1521
1287
1390
1287
1292
1409
1367
1312
1279
1275
1190
1268
1279
1246
1305
1181
1259
1184
1160
1195
1232
1230
1213
1111
1054
1195
1021
1033
1190
1173
1107
1200
1194
1225
1152
1157
1155
1341
1340
1302
1301
1447
1345
1563
1527
1646
1696
1682
1672
1741
1939
1908
1975
2059
2107
2141
2131
2237
2379
2374
2417
2445
2508
2480
2676
2728
2746
2765
2791
2904
2932
2901
2894
2917
2891
2972
2924
3032
2994
2949
2946
2976
2963
2990
2913
2909
2894
2896
2910
2899
2958
2802
2853
2779
2797
2826
2787
2820
2788
2837
2679
2734
2696
2635
2697
2804
2754
2838
2750
2758
2873
2777
2776
2868
2913
2874
2857
2964
2913
2833
2977
2996
2927
2952
2995
3097
3012
2958
2904
2993
3018
2949
2963
2884
2932
2867
2854
2804
2725
2699
2678
2666
2671
2560
2619
2547
2390
2441
2252
2391
2253
2210
2140
1997
1995
1952
1841
1870
1815
1748
1652
1616
1540
1478
1396
1509
1365
1312
1312
1248
1232
1269
1277
1103
1133
1220
1154
1255
1082
1074
1109
1066
1107
1199
1168
1096
1241
1222
1126
1214
1247
1188
1188
1264
1256
1315
1281
1345
1295
1326
1340
1398
1356
1352
1393
1394
1323
1337
1368
1394
1296
1235
1293
1259
1276
1318
1254
1246
1131
1129
1152
1176
1150
1192
1118
1236
1125
1137
1059
1199
1128
1180
1093
1175
1129
1287
1227
1214
1401
1323
1323
1402
1455
1444
1563
1636
1682
1658
1750
1838
1841
1913
1985
2021
2144
2225
2259
2290
2373
2503
2414
2569
2582
2606
2706
2712
2745
2819
2680
2822
2862
2864
2967
2992
2900
2989
2869
2955
3000
2963
2911
2888
3091
2924
2836
2887
2894
2940
2893
2848
2790
2899
2781
2897
2806
2883
2772
2763
2793
2790
2721
2728
2883
2766
2828
2675
2763
2768
2731
2807
2707
2715
2790
2783
2857
2766
2840
2867
2868
2959
2915
2888
2948
2966
3003
2991
2966
3041
2918
2805
2941
2939
2828
2993
2913
2878
2950
2792
2743
2701
2657
2737
2587
2587
2551
2457
2367
2352
2252
2316
2233
2292
2160
2066
2086
1918
1856
1853
1843
1611
1645
1636
1477
1529
1499
1417
1366
1331
1241
1285
1307
1317
1148
1239
1170
1118
1176
1033
1197
1168
1134
1156
1106
1151
1169
1054
1198
1118
1148
1202
1310
1225
1203
1301
1269
1197
1338
1372
1335
1422
1329
1407
1289
1261
1332
1323
1329
1328
1338
1385
1423
1203
1291
1285
1181
1281
1237
1236
1208
1219
1142
1168
1157
1162
1157
1138
1091
1093
1069
1221
1096
1214
1195
1148
1188
1232
1313
1229
1320
1349
1477
1352
1487
1609
1599
1668
1551
1637
1691
1788
1929
2006
2045
2034
2071
2166
2252
2285
2288
2328
2499
2515
2533
2613
2579
2729
2768
2729
2772
2816
2866
2891
2844
2915
2969
2913
2951
2994
2999
2930
2907
3053
2973
2936
2992
2862
3067
2916
2973
2868
2872
2815
2794
2849
2721
2881
2767
2755
2736
2748
2731
2766
2682
2819
2741
2746
2694
2813
2756
2820
2752
2842
2812
2879
2841
2804
2817
2801
2892
2911
2838
2959
2910
2939
3004
2898
3018
2983
2966
2976
2952
3052
2904
2978
2889
2876
2846
2852
2801
2742
2777
2680
2609
2645
2591
2461
2510
2448
2421
2299
2240
2167
2144
2007
1977
1821
1802
1898
1758
1723
1593
1589
1522
1551
1499
1399
1356
1293
1402
1281
1184
1278
1190
1166
1238
1179
1197
1156
1167
1167
1077
1162
1148
1090
1218
1213
1204
1157
1259
1241
1160
1246
1257
1332
1305
1285
1338
1308
1313
1256
1365
1303
1268
1382
1382
1362
1313
1381
1305
1304
1312
1257
1203
1267
1281
1251
1240
1265
1203
1207
1248
1112
1143
1126
1145
1114
1134
1189
1095
1224
1109
1169
1222
1174
1180
1247
1128
1250
1319
1355
1393
1468
1512
1496
1567
1522
1605
1750
1793
1874
1907
1887
2058
1945
2050
2138
2163
2258
2393
2371
2503
2590
2496
2640
2559
2690
2713
2795
2780
2870
2918
2837
2883
2925
2868
3021
2854
2988
2928
2986
2952
2929
2969
2966
2874
2908
2888
2914
2857
2887
2842
2854
2846
2815
2750
2787
2811
2716
2803
2729
2721
2719
2812
2766
2781
2780
2686
2813
2818
2803
2751
2824
2835
2887
2788
2776
2889
2843
2936
2913
2911
2850
2967
2889
2859
3013
2946
2920
2931
2856
3117
3014
2968
2895
2927
2900
2975
2791
2815
2687
2789
2672
2627
2641
2580
2515
2495
2399
2248
2219
2204
2118
2097
1977
1942
1986
1872
1856
1790
1622
1628
1548
1518
1529
1479
1436
1395
1357
1323
1256
1162
1234
1242
1110
1154
1098
1081
1151
1189
1134
1169
1135
1161
1242
1132
1186
1114
1248
1217
1252
1236
1223
1315
1242
1374
1353
1352
1300
1246
1418
1364
1277
1301
1327
1302
1455
1372
1446
1292
1328
1284
1270
1334
1311
1234
1168
1253
1123
1234
1225
1269
1233
1078
1184
1257
1131
1168
1076
1052
1092
1106
1059
1134
1138
1135
1204
1176
1254
1315
1294
1374
1383
1467
1483
1533
1604
1656
1607
1784
1868
1870
1912
2098
2044
2150
2236
2325
2262
2316
2300
2390
2418
2657
2607
2652
2628
2763
2813
2744
2802
2883
2864
2934
2872
2975
2937
2997
2889
2892
2944
2978
2947
2957
2889
2905
2953
2871
2932
2886
2900
2843
2777
2766
2714
2810
2846
2892
2839
2713
2761
2754
2704
2781
2730
2748
2742
2792
2779
2693
2766
2709
2786
2762
2851
2800
2875
2942
2817
2855
2879
2870
2974
2933
2981
2962
2995
2974
2997
2956
2944
2950
2983
2906
3026
2889
2879
2968
2821
2812
2815
2693
2692
2672
2553
2564
2534
2410
2391
2261
2283
2261
2170
2037
1952
2011
1921
1913
1850
1736
1770
1674
1561
1571
1465
1464
1396
1384
1333
1284
1271
1186
1169
1128
1119
1141
1022
1099
1132
1129
1185
1190
1123
1158
1188
1128
1218
1135
1203
1252
1226
1189
1359
1319
1233
1207
1235
1280
1403
1403
1362
1276
1359
1418
1400
1334
1303
1349
1360
1282
1329
1320
1267
1202
1352
1199
1271
1258
1247
1207
1026
1264
1104
1282
1115
1140
1097
1101
1072
1122
1068
1074
1168
1143
1165
1232
1206
1289
1291
1310
1335
1429
1348
1533
1533
1506
1575
1642
1699
1752
1835
1914
1952
1996
2094
2236
2113
2302
2236
2298
2408
2393
2544
2567
2558
2672
2734
2658
2665
2845
2863
2888
2975
2920
2911
2961
2985
3018
2939
2930
2996
2953
2966
3010
2916
2903
3019
2966
2931
2910
2891
2934
2839
2842
2755
2844
2781
2821
2732
2734
2761
2701
2750
2808
2790
2774
2841
2663
2838
2858
2738
2687
2814
2766
2694
2928
2856
2779
2832
2932
2920
2935
2959
2932
2910
2996
2890
3021
2941
2954
2948
2965
2927
3054
2994
2864
2875
2813
2858
2839
2760
2761
2654
2752
2518
2494
2564
2398
2403
2257
2252
2299
2285
2135
2061
1994
1933
1781
1742
1751
1673
1711
1625
1471
1491
1385
1398
1290
1275
1159
1158
1220
1143
1200
1267
1240
1095
1176
1127
1166
1197
1148
1135
1097
1204
1153
1175
1156
1113
1155
1194
1289
1219
1245
1321
1311
1274
1336
1347
1345
1323
1311
1331
1343
1365
1370
1307
1383
1355
1388
1329
1266
1293
1287
1250
1383
1209
1195
1212
1226
1214
1225
1153
1042
1093
1106
1095
1130
1145
1086
1199
1134
1052
1099
1105
1195
1221
1350
1266
1360
1376
1383
1392
1395
1507
1493
1591
1628
1770
1768
1816
1815
1965
1971
2123
2077
2191
2133
2338
2397
2477
2373
2519
2535
2519
2704
2720
2700
2783
2803
2770
2780
2907
2959
2858
3004
2891
2947
3012
2930
2999
2889
2974
2978
3077
2977
2965
2840
2985
2904
2899
2799
2952
2823
2774
2759
2793
2826
2738
2794
2814
2647
2839
2766
2762
2816
2665
2723
2728
2786
2781
2864
2810
2798
2940
2829
2903
2865
2931
2794
2973
2863
2962
2987
2895
2999
3004
2934
3029
3004
2908
2934
2912
2955
2931
2849
2887
2912
2835
2747
2744
2731
2692
2613
2577
2630
2439
2503
2346
2318
2276
2253
2080
2148
2046
2019
1902
1923
1843
1753
1787
1697
1606
1566
1534
1436
1398
1387
1336
1249
1273
1183
1287
1231
1268
1151
1106
1191
1173
1129
1147
1083
1227
1171
1180
1125
1208
1256
1172
1231
1177
1254
1217
1245
1251
1324
1341
1189
1358
1393
1290
1359
1433
1368
1285
1293
1360
1293
1279
1296
1329
1418
1316
1234
1193
1266
1216
1207
1183
1235
1207
1166
1249
1163
1159
1169
1159
1108
1131
1101
1215
1232
1145
1085
1258
1110
1216
1220
1293
1233
1315
1423
1330
1473
1401
1480
1576
1752
1770
1763
1771
1855
1921
2023
2101
2170
2109
2264
2346
2383
2336
2434
2432
2529
2611
2527
2735
2574
2714
2791
2817
2779
2777
2896
2982
2944
2983
2898
3000
2934
2889
2964
3014
2924
2928
2967
2924
2892
2907
2871
2877
2903
2811
2843
2789
2745
2810
2811
2685
2837
2742
2714
2711
2773
2797
2819
2779
2749
2840
2787
2845
2808
2794
2786
2790
2886
2850
2916
2829
2855
2971
2959
2892
2943
2991
3083
2950
3049
2915
3021
2998
2855
2932
3001
2843
2908
2810
2797
2803
2794
2847
2659
2742
2670
2625
2523
2488
2443
2415
2311
2364
2272
2202
2228
2104
1964
1897
1810
1808
1818
1737
1619
1604
1522
1455
1490
1455
1302
1440
1325
1217
1250
1160
1258
1169
1154
1104
1143
1158
1141
1097
1191
1097
1184
1155
1092
1214
1197
1180
1228
1241
1230
1307
1288
1319
1341
1297
1371
1304
1268
1383
1311
1376
1362
1319
1232
1347
1351
1328
1349
1342
1336
1318
1334
1253
1284
1222
1292
1216
1202
1270
1227
1315
1138
1158
1134
1137
1036
1157
1225
1077
1112
1198
1201
1195
1159
1204
1203
1273
1303
1317
1307
1399
1442
1406
1524
1635
1640
1756
1802
1848
1875
1952
2000
2021
2166
2130
2198
2259
2390
2397
2467
2585
2561
2599
2683
2717
2638
2810
2740
2859
2896
2790
2879
2970
2909
2864
2992
2907
2915
2893
2904
2983
2874
2893
3000
2983
2922
2995
2924
2887
2812
2897
2920
2841
2936
2783
2778
2846
2829
2837
2803
2751
2758
2698
2738
2688
2788
2694
2787
2739
2784
2879
2785
2823
2826
2910
2846
2866
2886
2916
2941
2908
2971
2864
2990
2916
2875
2895
2835
2986
2899
2842
2988
2978
2960
2827
2892
2884
2789
2735
2778
2687
2617
2645
2518
2511
2419
2423
2394
2286
2189
2181
2099
2119
1958
1852
1829
1761
1847
1750
1573
1644
1541
1417
1425
1355
1420
1230
1258
1347
1229
1225
1213
1075
1089
1201
1080
1216
1134
1055
1162
1212
1094
1176
1174
1154
1113
1111
1256
1231
1192
1234
1147
1256
1338
1190
1270
1339
1360
1335
1294
1368
1383
1279
1231
1286
1347
1359
1294
1345
1355
1340
1277
1254
1252
1244
1307
1219
1133
1301
1170
1207
1112
1187
1070
1132
1099
1102
1114
1172
1112
1251
1106
1184
1208
1238
1324
1335
1349
1298
1398
1380
1521
1580
1563
1665
1643
1639
1777
1835
1909
1912
1971
2028
2099
2131
2187
2301
2274
2392
2422
2562
2629
2608
2646
2655
2661
2758
2839
2825
2844
2857
2883
2996
2940
2957
2897
2938
2928
3089
2949
2921
2992
2979
2946
2847
2947
2920
2865
2954
2896
2841
2882
2842
2694
2789
2787
2759
2850
2727
2705
2726
2882
2689
2805
2808
2780
2806
2796
2824
2832
2753
2791
2768
2802
2819
2913
2816
2861
2863
2946
2912
2999
2882
2978
2949
2957
2976
2886
2975
2904
2909
2942
2926
2900
2922
2819
2830
2793
2649
2753
2662
2658
2627
2520
2440
2481
2326
2342
2282
2297
2165
2054
2008
2026
1859
1859
1761
1680
1761
1610
1592
1499
1538
1445
1390
1317
1365
1239
1292
1262
1161
1216
1104
1240
1145
1094
1153
1074
1218
1146
1215
1138
1202
1197
1222
1177
1186
1121
1214
1256
1217
1215
1268
1265
1248
1315
1312
1390
1313
1331
1318
1387
1279
1365
1461
1376
1364
1331
1262
1380
1293
1302
1229
1268
1213
1174
1278
1188
1248
1197
1158
1204
1214
1125
1156
1200
1108
1135
1173
1047
1125
1188
1176
1212
1151
1281
1228
1277
1328
1356
1367
1392
1444
1505
1647
1635
1752
1687
1818
1877
1935
1970
